4 0.521354 0.420833 0.030208 0.137963
0 0.365365 0.433796 0.034896 0.139815
0 0.354427 0.366667 0.031771 0.118519
1 0.255990 0.413426 0.031771 0.132407
0 0.125521 0.479167 0.032292 0.154630
1 0.519792 0.403241 0.026042 0.134259
1 0.244792 0.507407 0.040625 0.044444
0 0.691927 0.499074 0.036979 0.164815
1 0.736979 0.451389 0.031250 0.150926
0 0.389323 0.381944 0.027604 0.126852
1 0.831510 0.546759 0.035937 0.162037
1 0.364063 0.514815 0.035417 0.161111
1 0.993750 0.817130 0.011458 0.186111
0 0.681510 0.661574 0.043229 0.171296
0 0.408333 0.416667 0.029167 0.137037
