1 0.942969 0.603241 0.020313 0.110185
1 0.689323 0.531481 0.023438 0.085185
1 0.514062 0.594907 0.016667 0.095370
1 0.497917 0.478704 0.022917 0.074074
1 0.616146 0.488889 0.026042 0.070370
1 0.298958 0.559259 0.025000 0.094444
1 0.898438 0.721296 0.022917 0.120370
1 0.183073 0.520833 0.022396 0.086111
4 0.380990 0.489352 0.004687 0.008333
0 0.655208 0.451852 0.013542 0.070370
0 0.477083 0.507870 0.016667 0.076852
0 0.149740 0.529167 0.019271 0.091667
0 0.390625 0.456019 0.025000 0.073148
0 0.879687 0.624537 0.035417 0.110185
4 0.324479 0.587500 0.034375 0.099074
0 0.359115 0.570370 0.019271 0.105556
0 0.014844 0.495370 0.018229 0.081481
1 0.502865 0.539815 0.017188 0.085185
