0 0.224479 0.293519 0.017708 0.081481
0 0.785677 0.566667 0.023438 0.146296
0 0.289844 0.643981 0.025521 0.145370
0 0.400781 0.568056 0.027604 0.128704
0 0.521615 0.633796 0.035937 0.147222
0 0.463281 0.571759 0.023438 0.123148
0 0.587760 0.568981 0.025521 0.132407
0 0.430208 0.630093 0.027083 0.145370
1 0.289583 0.515741 0.023958 0.112963
1 0.362240 0.534722 0.034896 0.121296
1 0.805729 0.544907 0.023958 0.121296
1 0.613021 0.540741 0.022917 0.124074
1 0.595052 0.506019 0.025521 0.121296
1 0.685677 0.505556 0.030729 0.122222
1 0.663802 0.475000 0.022396 0.116667
1 0.573958 0.469444 0.021875 0.107407
4 0.117969 0.492130 0.020313 0.123148
3 0.765885 0.483333 0.025521 0.120370
4 0.223958 0.331481 0.005208 0.009259
1 0.807552 0.571759 0.029687 0.136111
1 0.679688 0.499074 0.025000 0.118519
