0 0.125000 0.551389 0.030208 0.128704
0 0.024740 0.352315 0.027604 0.099074
0 0.784896 0.671296 0.054167 0.137037
0 0.126823 0.324537 0.018229 0.100926
0 0.077604 0.364815 0.029167 0.096296
0 0.554948 0.481481 0.033854 0.105556
3 0.476823 0.310185 0.026562 0.087037
1 0.507031 0.437500 0.023438 0.110185
1 0.151042 0.359722 0.027083 0.102778
1 0.189583 0.335185 0.019792 0.094444
1 0.769271 0.582407 0.036458 0.101852
1 0.298698 0.348148 0.027604 0.100000
1 0.052083 0.331481 0.023958 0.090741
1 0.338021 0.367130 0.032292 0.100926
1 0.243750 0.343056 0.047917 0.093519
1 0.032813 0.349537 0.016667 0.093519
1 0.204948 0.467593 0.026562 0.118519
4 0.791146 0.706019 0.011458 0.015741
