0 0.612760 0.643056 0.029687 0.099074
0 0.551562 0.557870 0.017708 0.089815
1 0.223177 0.517593 0.019271 0.087037
1 0.554948 0.605093 0.020313 0.086111
1 0.923438 0.439352 0.021875 0.071296
1 0.666667 0.378704 0.016667 0.059259
1 0.783333 0.504630 0.021875 0.079630
1 0.735156 0.575926 0.029687 0.053704
1 0.547656 0.458333 0.015104 0.074074
1 0.405208 0.375463 0.011458 0.058333
0 0.934896 0.505093 0.023958 0.080556
0 0.689844 0.454630 0.016146 0.075926
0 0.217448 0.466667 0.013021 0.070370
4 0.571875 0.469444 0.020833 0.072222
0 0.322656 0.387037 0.015104 0.053704
0 0.344792 0.518056 0.022917 0.082407
4 0.343229 0.258333 0.007292 0.035185
4 0.648177 0.612037 0.009896 0.012963
0 0.530729 0.475000 0.020833 0.075926
0 0.250781 0.647685 0.023438 0.099074
0 0.146354 0.543981 0.017708 0.091667
1 0.770833 0.719444 0.022917 0.101852
1 0.911979 0.556944 0.023958 0.080556
