0 0.875521 0.808796 0.019792 0.110185
0 0.930208 0.465741 0.012500 0.053704
0 0.848177 0.475926 0.011979 0.055556
0 0.776823 0.439352 0.015104 0.049074
0 0.738021 0.456019 0.014583 0.052778
0 0.702344 0.411574 0.009896 0.041667
0 0.665365 0.569907 0.022396 0.069444
0 0.680469 0.503704 0.015104 0.064815
0 0.491927 0.528704 0.017188 0.066667
0 0.589844 0.450000 0.007812 0.051852
1 0.881510 0.576389 0.011979 0.071296
1 0.902083 0.520370 0.015625 0.064815
1 0.889844 0.474537 0.013021 0.058333
1 0.862240 0.461111 0.011979 0.051852
1 0.886979 0.440278 0.010417 0.049074
1 0.830990 0.437037 0.007812 0.050000
1 0.706771 0.512500 0.012500 0.058333
1 0.612240 0.575926 0.021354 0.072222
1 0.682292 0.418519 0.009375 0.048148
1 0.551042 0.464815 0.012500 0.059259
2 0.063021 0.410185 0.011458 0.044444
4 0.792969 0.418981 0.010937 0.045370
4 0.638021 0.344907 0.007292 0.028704
4 0.111198 0.433796 0.003646 0.004630
