0 0.393490 0.390741 0.026562 0.092593
1 0.338802 0.405556 0.016146 0.090741
0 0.534375 0.436111 0.031250 0.090741
1 0.128906 0.605556 0.033854 0.148148
0 0.017708 0.543981 0.035417 0.137963
1 0.329427 0.461574 0.021354 0.102778
1 0.442448 0.626852 0.050521 0.175926
4 0.156771 0.459722 0.026042 0.121296
1 0.535937 0.480556 0.028125 0.116667
0 0.672396 0.599537 0.034375 0.147222
1 0.501563 0.425000 0.045833 0.088889
1 0.582552 0.472685 0.021354 0.112037
0 0.432031 0.503704 0.025521 0.120370
0 0.359635 0.405556 0.030729 0.101852
1 0.850521 0.581481 0.028125 0.137037
4 0.455729 0.440741 0.007292 0.012963
1 0.578646 0.572685 0.032292 0.139815
3 0.727344 0.414815 0.040104 0.085185
