1 0.073177 0.573611 0.027604 0.115741
1 0.387760 0.541667 0.027604 0.105556
1 0.369271 0.445370 0.029167 0.081481
1 0.501302 0.486111 0.020313 0.098148
1 0.598698 0.450000 0.023438 0.087037
1 0.652604 0.496296 0.018750 0.100000
1 0.745313 0.467130 0.023958 0.093519
1 0.716146 0.677315 0.033333 0.136111
1 0.879427 0.523611 0.017188 0.108333
1 0.986198 0.585648 0.019271 0.115741
0 0.015104 0.550000 0.030208 0.118519
0 0.132292 0.435648 0.020833 0.086111
0 0.257031 0.632870 0.024479 0.132407
0 0.251042 0.631481 0.034375 0.112963
0 0.298698 0.515278 0.025521 0.063889
0 0.396354 0.529630 0.023958 0.100000
0 0.458594 0.847222 0.043229 0.174074
0 0.608333 0.540278 0.026042 0.110185
0 0.574740 0.437500 0.015104 0.086111
0 0.808333 0.512963 0.021875 0.114815
4 0.353385 0.535648 0.019271 0.108333
4 0.294531 0.541667 0.006771 0.011111
