0 0.075000 0.410648 0.012500 0.076852
0 0.160677 0.663426 0.025521 0.113889
0 0.579427 0.567593 0.025521 0.107407
0 0.323177 0.500000 0.016146 0.083333
0 0.552604 0.509259 0.018750 0.092593
0 0.639323 0.553704 0.018229 0.101852
0 0.595313 0.539352 0.016667 0.089815
0 0.588021 0.515278 0.014583 0.086111
0 0.647135 0.542593 0.010937 0.098148
1 0.440365 0.486111 0.015104 0.079630
1 0.329167 0.431944 0.017708 0.073148
1 0.685417 0.560648 0.020833 0.093519
1 0.573438 0.508796 0.013542 0.093519
1 0.603646 0.527778 0.014583 0.096296
1 0.629948 0.534722 0.010937 0.095370
1 0.599219 0.520370 0.011979 0.100000
1 0.556771 0.497222 0.019792 0.088889
4 0.296875 0.455093 0.018750 0.082407
3 0.920833 0.444444 0.020833 0.083333
4 0.106771 0.453241 0.005208 0.010185
1 0.618229 0.556019 0.017708 0.102778
1 0.634635 0.520833 0.013021 0.091667
