0 0.816146 0.974074 0.033333 0.050000
0 0.473958 0.395833 0.016667 0.076852
0 0.152344 0.677778 0.027604 0.131481
0 0.278906 0.468981 0.032813 0.082407
1 0.501302 0.741667 0.029687 0.146296
1 0.365365 0.505093 0.027604 0.087963
1 0.693750 0.375926 0.016667 0.062963
4 0.398438 0.300463 0.010417 0.047222
4 0.301042 0.503241 0.006250 0.010185
0 0.806510 0.319444 0.020313 0.050000
1 0.596094 0.446296 0.018229 0.075926
1 0.805990 0.572222 0.023438 0.111111
4 0.857552 0.429630 0.018229 0.085185
0 0.934375 0.579167 0.026042 0.121296
1 0.960417 0.486574 0.022917 0.095370
0 0.973698 0.400000 0.024479 0.070370
1 0.980729 0.382870 0.017708 0.067593
