4 0.305208 0.434722 0.034375 0.095370
1 0.436719 0.364352 0.025521 0.086111
1 0.326823 0.421759 0.020313 0.089815
1 0.559375 0.626852 0.025000 0.122222
0 0.162760 0.675463 0.029687 0.141667
0 0.616667 0.370833 0.033333 0.082407
4 0.472396 0.384722 0.006250 0.010185
0 0.304167 0.500926 0.018750 0.103704
1 0.539323 0.379167 0.024479 0.082407
1 0.616406 0.363889 0.018229 0.081481
1 0.484896 0.488426 0.021875 0.108333
0 0.447396 0.353241 0.012500 0.073148
1 0.683854 0.387963 0.027083 0.090741
0 0.614062 0.482407 0.021875 0.100000
1 0.960938 0.480093 0.033333 0.106481
1 0.984635 0.543056 0.022396 0.108333
0 0.987240 0.557407 0.023438 0.127778
