4 0.490625 0.419444 0.007292 0.012963
0 0.525521 0.462037 0.031250 0.087037
0 0.494531 0.795370 0.040104 0.155556
0 0.691146 0.589352 0.036458 0.115741
4 0.357292 0.472685 0.026042 0.089815
3 0.583073 0.382870 0.023438 0.058333
0 0.329948 0.621759 0.026562 0.113889
0 0.104167 0.587963 0.033333 0.124074
0 0.704688 0.462963 0.032292 0.085185
0 0.466146 0.499074 0.028125 0.105556
1 0.604948 0.601852 0.033854 0.120370
1 0.572396 0.796759 0.039583 0.162037
1 0.556250 0.528241 0.026042 0.112037
1 0.274219 0.449537 0.035937 0.075000
1 0.113281 0.574074 0.027604 0.120370
1 0.733333 0.447685 0.027083 0.082407
1 0.792708 0.538889 0.025000 0.101852
1 0.620573 0.453704 0.027604 0.085185
1 0.737760 0.505556 0.030729 0.092593
0 0.121354 0.454167 0.022917 0.084259
