0 0.279948 0.565278 0.021354 0.104630
0 0.482031 0.643519 0.033854 0.116667
0 0.625781 0.967130 0.044271 0.063889
0 0.732031 0.474537 0.020313 0.082407
1 0.228125 0.722222 0.081250 0.050000
1 0.509375 0.602315 0.037500 0.112037
1 0.488542 0.742593 0.030208 0.131481
4 0.459375 0.631481 0.035417 0.118519
4 0.880208 0.335648 0.012500 0.049074
4 0.401823 0.519907 0.005729 0.010185
0 0.417708 0.485648 0.019792 0.082407
0 0.407813 0.627778 0.038542 0.114815
2 0.399740 0.496296 0.026562 0.059259
1 0.947396 0.939815 0.038542 0.118519
