0 0.130729 0.493519 0.038542 0.092593
0 0.143490 0.624537 0.040104 0.126852
0 0.135417 0.420833 0.021875 0.093519
0 0.315885 0.499537 0.029687 0.104630
0 0.389323 0.368519 0.023438 0.061111
0 0.669792 0.364815 0.022917 0.068519
0 0.907552 0.408333 0.025521 0.079630
1 0.552604 0.428241 0.025000 0.084259
1 0.762760 0.541204 0.027604 0.108333
1 0.710677 0.337500 0.025521 0.058333
4 0.612760 0.436111 0.025521 0.081481
0 0.560417 0.436574 0.021875 0.089815
4 0.265104 0.310185 0.019792 0.055556
1 0.401042 0.357870 0.025000 0.067593
1 0.719010 0.368981 0.027604 0.052778
4 0.683594 0.369907 0.006771 0.012037
1 0.199479 0.575926 0.034375 0.105556
1 0.283854 0.820833 0.036458 0.147222
