0 0.559896 0.520833 0.018750 0.076852
0 0.918750 0.481019 0.020833 0.073148
0 0.537500 0.531019 0.019792 0.080556
0 0.344010 0.440278 0.008854 0.071296
0 0.165625 0.473611 0.018750 0.073148
0 0.146615 0.441667 0.018229 0.046296
0 0.143490 0.540741 0.024479 0.085185
1 0.825781 0.554630 0.028646 0.083333
1 0.584635 0.500000 0.027604 0.074074
1 0.721094 0.469444 0.022396 0.072222
1 0.457552 0.487500 0.019271 0.075000
1 0.425000 0.417130 0.019792 0.060185
1 0.382552 0.474074 0.027604 0.070370
1 0.383073 0.533333 0.016146 0.077778
1 0.061979 0.704630 0.031250 0.105556
1 0.013542 0.442130 0.025000 0.056481
4 0.385156 0.459722 0.019271 0.069444
4 0.265365 0.249537 0.006771 0.010185
3 0.778385 0.476389 0.026562 0.075000
