1 0.080990 0.467593 0.029687 0.094444
0 0.672656 0.672685 0.038021 0.130556
1 0.311979 0.343056 0.026042 0.063889
0 0.233594 0.317593 0.021354 0.057407
0 0.264323 0.396759 0.036979 0.067593
1 0.285417 0.400463 0.029167 0.076852
4 0.242448 0.380093 0.023438 0.071296
1 0.466146 0.578241 0.026042 0.106481
0 0.256771 0.515741 0.025000 0.101852
0 0.545312 0.504167 0.018750 0.091667
1 0.460938 0.480556 0.026042 0.096296
1 0.750000 0.503704 0.022917 0.085185
1 0.445052 0.404167 0.016146 0.071296
1 0.486719 0.391204 0.019271 0.060185
0 0.498437 0.421296 0.014583 0.083333
1 0.615885 0.409722 0.021354 0.080556
0 0.671615 0.436111 0.025521 0.085185
0 0.546875 0.446296 0.017708 0.077778
1 0.687240 0.448611 0.026562 0.078704
3 0.957552 0.402778 0.020313 0.068519
4 0.356250 0.379167 0.014583 0.013889
