1 0.762760 0.642130 0.028646 0.128704
1 0.715885 0.655556 0.026562 0.124074
1 0.632292 0.653241 0.023958 0.117593
1 0.666146 0.590278 0.020833 0.110185
1 0.922396 0.577778 0.027083 0.105556
1 0.543229 0.628241 0.021875 0.087963
1 0.365365 0.646296 0.036979 0.118519
1 0.476302 0.641667 0.025521 0.118519
1 0.854427 0.387963 0.010937 0.068519
4 0.784635 0.381481 0.011979 0.062963
4 0.771615 0.417130 0.004687 0.008333
0 0.744531 0.573148 0.021354 0.087037
0 0.521875 0.631019 0.026042 0.110185
0 0.513021 0.603704 0.018750 0.116667
0 0.504948 0.586574 0.017188 0.115741
0 0.521875 0.553704 0.014583 0.062963
0 0.432031 0.606481 0.023438 0.111111
4 0.436719 0.669444 0.023438 0.125926
0 0.376563 0.594444 0.021875 0.112963
0 0.371615 0.499074 0.018229 0.100000
0 0.241667 0.588426 0.017708 0.108333
2 0.280469 0.512037 0.025521 0.092593
0 0.264583 0.499074 0.013542 0.090741
