1 0.452604 0.659722 0.035417 0.132407
1 0.042708 0.498148 0.025000 0.098148
1 0.471615 0.581944 0.033854 0.102778
1 0.503646 0.596296 0.026042 0.101852
1 0.327604 0.490741 0.039583 0.100000
1 0.419792 0.541667 0.026042 0.112963
0 0.616667 0.679630 0.031250 0.131481
0 0.463802 0.465741 0.026562 0.085185
0 0.130729 0.446759 0.035417 0.087963
0 0.346094 0.593519 0.032813 0.109259
0 0.005469 0.518056 0.010937 0.086111
0 0.212500 0.440741 0.025000 0.083333
0 0.180990 0.491204 0.030729 0.104630
4 0.366146 0.307407 0.013542 0.053704
4 0.206250 0.705556 0.045833 0.142593
4 0.488802 0.642593 0.011979 0.018519
1 0.077083 0.445833 0.030208 0.100926
0 0.905729 0.524537 0.032292 0.095370
1 0.729167 0.661574 0.032292 0.130556
