0 0.638542 0.477315 0.020833 0.065741
0 0.878906 0.451852 0.017188 0.066667
0 0.812500 0.451389 0.013542 0.069444
0 0.765365 0.463889 0.023438 0.068519
0 0.733594 0.446296 0.023438 0.068519
0 0.677083 0.429630 0.012500 0.057407
2 0.701042 0.441204 0.027083 0.062037
4 0.791406 0.525926 0.022396 0.079630
1 0.897656 0.464815 0.013021 0.066667
1 0.093229 0.537963 0.021875 0.057407
1 0.861979 0.446759 0.011458 0.063889
0 0.789844 0.457407 0.013021 0.062963
0 0.856771 0.453241 0.012500 0.063889
1 0.882552 0.509259 0.020313 0.075926
4 0.092708 0.559722 0.007292 0.012037
0 0.934635 0.463889 0.015104 0.068519
0 0.908073 0.461111 0.019271 0.062963
