4 0.240625 0.403241 0.006250 0.012037
4 0.286979 0.430556 0.034375 0.103704
0 0.451562 0.336574 0.027083 0.062037
1 0.498958 0.326389 0.025000 0.043519
1 0.162760 0.388426 0.036979 0.084259
0 0.230729 0.385648 0.038542 0.086111
1 0.530469 0.437037 0.027604 0.096296
1 0.505469 0.372222 0.022396 0.081481
0 0.720833 0.513426 0.022917 0.126852
1 0.791146 0.453241 0.035417 0.108333
0 0.470052 0.362500 0.026562 0.076852
1 0.796094 0.506019 0.027604 0.110185
1 0.626302 0.528241 0.032813 0.125000
1 0.583073 0.759259 0.032813 0.150000
1 0.903646 0.579167 0.032292 0.117593
0 0.146354 0.735185 0.038542 0.155556
0 0.613021 0.553704 0.032292 0.120370
0 0.121094 0.579167 0.030729 0.128704
