1 0.367188 0.412500 0.010417 0.052778
1 0.346875 0.415741 0.008333 0.055556
1 0.317448 0.407407 0.011979 0.061111
1 0.156771 0.476852 0.013542 0.064815
1 0.017708 0.433796 0.012500 0.063889
1 0.176302 0.412037 0.014063 0.055556
1 0.223177 0.425926 0.020313 0.061111
1 0.247656 0.414352 0.011979 0.058333
1 0.255729 0.404167 0.011458 0.058333
1 0.235156 0.398611 0.011979 0.056481
0 0.890104 0.539815 0.015625 0.070370
0 0.005729 0.515278 0.011458 0.078704
0 0.065365 0.423148 0.017188 0.050000
0 0.110937 0.425926 0.017708 0.062963
0 0.322396 0.413889 0.011458 0.057407
0 0.343490 0.420370 0.009896 0.061111
0 0.361458 0.409722 0.008333 0.056481
0 0.349219 0.406944 0.011979 0.052778
3 0.336458 0.398611 0.012500 0.054630
4 0.035417 0.410648 0.012500 0.060185
4 0.936458 0.539352 0.012500 0.076852
4 0.888802 0.566667 0.005729 0.011111
