4 0.661719 0.430556 0.031771 0.083333
1 0.987760 0.544907 0.023438 0.106481
0 0.744531 0.726389 0.054688 0.143519
4 0.576562 0.615741 0.010417 0.016667
1 0.640625 0.567130 0.037500 0.112037
0 0.958594 0.355556 0.028646 0.077778
0 0.686979 0.446759 0.033333 0.087963
0 0.426823 0.408796 0.031771 0.091667
1 0.426302 0.680093 0.044271 0.130556
0 0.631771 0.575926 0.042708 0.120370
1 0.696094 0.399537 0.027604 0.078704
1 0.352604 0.437963 0.033333 0.096296
4 0.405729 0.250926 0.018750 0.050000
1 0.202083 0.516204 0.040625 0.113889
