2 0.101823 0.470370 0.017188 0.062963
1 0.355729 0.529630 0.018750 0.074074
1 0.245573 0.426389 0.011979 0.054630
1 0.700260 0.520833 0.019271 0.069444
4 0.501563 0.493981 0.021875 0.063889
1 0.578385 0.489815 0.020313 0.061111
1 0.579167 0.422685 0.020833 0.052778
1 0.499479 0.425926 0.019792 0.053704
1 0.239583 0.527315 0.014583 0.069444
1 0.894010 0.603241 0.021354 0.082407
1 0.864062 0.446296 0.016667 0.051852
1 0.713021 0.398148 0.013542 0.046296
0 0.223698 0.632870 0.021354 0.087963
0 0.339323 0.426389 0.017188 0.054630
0 0.277865 0.499537 0.014063 0.067593
0 0.328385 0.412963 0.008854 0.051852
0 0.556510 0.451389 0.025521 0.058333
0 0.372656 0.456944 0.010937 0.056481
0 0.489323 0.459259 0.018229 0.055556
0 0.555990 0.507407 0.015104 0.062963
0 0.867188 0.403241 0.015625 0.049074
0 0.565625 0.361111 0.009375 0.035185
4 0.483073 0.317593 0.007812 0.029630
4 0.107813 0.465741 0.003125 0.005556
