0 0.533333 0.352315 0.025000 0.084259
0 0.698698 0.515278 0.042188 0.100926
0 0.833594 0.699537 0.064062 0.128704
3 0.873958 0.293981 0.023958 0.080556
0 0.320573 0.376852 0.027604 0.085185
0 0.460417 0.562963 0.028125 0.111111
0 0.153906 0.443519 0.029687 0.105556
4 0.731250 0.370370 0.012500 0.016667
4 0.253646 0.367130 0.025000 0.089815
1 0.378385 0.343056 0.024479 0.080556
1 0.403125 0.436111 0.031250 0.105556
1 0.508594 0.574074 0.033854 0.107407
1 0.597917 0.390278 0.027083 0.087963
1 0.622135 0.500926 0.039062 0.100000
1 0.572917 0.647685 0.043750 0.119444
1 0.759896 0.517130 0.046875 0.095370
1 0.241146 0.552315 0.028125 0.115741
0 0.024740 0.612500 0.039062 0.134259
