1 0.633854 0.784259 0.038542 0.185185
1 0.737500 0.727778 0.051042 0.207407
1 0.897917 0.786574 0.042708 0.212037
1 0.308073 0.664815 0.034896 0.129630
4 0.332552 0.693519 0.036979 0.185185
1 0.537500 0.494907 0.037500 0.152778
1 0.356250 0.243056 0.021875 0.093519
0 0.340625 0.438426 0.050000 0.158333
0 0.200000 0.406019 0.039583 0.147222
0 0.054948 0.319444 0.031771 0.100000
0 0.076823 0.163426 0.035937 0.121296
0 0.245573 0.206481 0.024479 0.124074
0 0.202865 0.050000 0.018229 0.100000
0 0.310937 0.023148 0.015625 0.046296
0 0.552865 0.036574 0.017188 0.073148
0 0.762500 0.103241 0.021875 0.106481
0 0.986458 0.372685 0.026042 0.165741
1 0.264844 0.022222 0.018229 0.044444
1 0.976562 0.024537 0.027083 0.049074
4 0.882031 0.752315 0.013021 0.025000
