0 0.621615 0.503704 0.020313 0.109259
4 0.663802 0.534259 0.008854 0.014815
0 0.537240 0.306481 0.017188 0.074074
0 0.377344 0.246296 0.014063 0.066667
4 0.422917 0.120370 0.009375 0.035185
1 0.452344 0.731019 0.034896 0.173148
0 0.533073 0.216204 0.010937 0.054630
0 0.753646 0.141667 0.009375 0.040741
0 0.871875 0.253241 0.017708 0.062037
1 0.801302 0.231019 0.016146 0.060185
1 0.929427 0.215278 0.011979 0.054630
1 0.960938 0.289815 0.015625 0.064815
0 0.855990 0.530093 0.039062 0.113889
4 0.801562 0.475463 0.020833 0.108333
1 0.836979 0.373611 0.023958 0.089815
0 0.896615 0.905093 0.040104 0.149074
1 0.428385 0.801852 0.030729 0.174074
