4 0.578646 0.684722 0.008333 0.015741
1 0.582292 0.624074 0.045833 0.114815
0 0.599219 0.621296 0.043229 0.107407
1 0.687500 0.506481 0.027083 0.114815
0 0.598698 0.526389 0.034896 0.106481
0 0.996094 0.473611 0.005729 0.049074
0 0.653906 0.350463 0.019271 0.076852
1 0.849219 0.359722 0.020313 0.080556
1 0.616667 0.413889 0.022917 0.090741
1 0.307292 0.433333 0.020833 0.090741
0 0.742188 0.395370 0.022917 0.081481
4 0.515885 0.490741 0.029687 0.096296
1 0.338802 0.409259 0.023438 0.100000
0 0.322917 0.452778 0.028125 0.090741
0 0.255990 0.370833 0.025521 0.071296
4 0.311198 0.278704 0.020313 0.051852
1 0.098698 0.420833 0.030729 0.095370
1 0.131250 0.483333 0.030208 0.090741
0 0.166667 0.415741 0.034375 0.094444
0 0.054167 0.602778 0.050000 0.129630
0 0.071094 0.487963 0.038021 0.101852
