4 0.847135 0.624537 0.024479 0.123148
0 0.979427 0.810185 0.040104 0.155556
1 0.619792 0.561574 0.021875 0.102778
0 0.334635 0.631481 0.027604 0.077778
4 0.535156 0.790278 0.010937 0.019444
1 0.815625 0.638426 0.029167 0.084259
0 0.813281 0.645370 0.032813 0.124074
0 0.795833 0.456019 0.018750 0.076852
0 0.694271 0.445370 0.022917 0.085185
1 0.315365 0.584259 0.024479 0.101852
1 0.854688 0.529167 0.035417 0.095370
0 0.677344 0.567593 0.026562 0.111111
1 0.667448 0.443981 0.021354 0.076852
1 0.620313 0.441204 0.019792 0.080556
4 0.859896 0.333333 0.013542 0.053704
1 0.470313 0.482870 0.020833 0.086111
2 0.266667 0.398611 0.019792 0.073148
1 0.699479 0.739815 0.041667 0.124074
