1 0.773177 0.671759 0.046354 0.137963
0 0.429167 0.625463 0.023958 0.117593
1 0.826823 0.421296 0.024479 0.094444
0 0.660417 0.394444 0.025000 0.087037
0 0.418229 0.534259 0.026042 0.088889
1 0.490625 0.339352 0.017708 0.076852
1 0.665885 0.281019 0.011979 0.071296
1 0.410938 0.575000 0.040625 0.116667
1 0.414062 0.238889 0.013542 0.062963
1 0.251563 0.398148 0.017708 0.092593
1 0.149219 0.209722 0.011979 0.056481
0 0.310417 0.303704 0.012500 0.074074
0 0.192708 0.355556 0.012500 0.085185
0 0.150781 0.462500 0.022396 0.102778
4 0.084115 0.446759 0.029687 0.093519
4 0.755729 0.691667 0.008333 0.014815
