0 0.450521 0.486574 0.018750 0.106481
0 0.273698 0.874074 0.044271 0.181481
0 0.350521 0.754167 0.039583 0.165741
1 0.720573 0.912963 0.030729 0.172222
4 0.636979 0.477778 0.006250 0.009259
0 0.091927 0.594907 0.025521 0.125000
1 0.704948 0.599537 0.019271 0.126852
4 0.516927 0.626852 0.027604 0.133333
0 0.685677 0.749537 0.048438 0.167593
1 0.890885 0.675000 0.034896 0.148148
0 0.550781 0.561574 0.028646 0.115741
1 0.986719 0.560648 0.025521 0.119444
0 0.827865 0.818056 0.052604 0.165741
1 0.419531 0.592593 0.027604 0.118519
