0 0.135417 0.546759 0.013542 0.093519
0 0.204687 0.506019 0.017708 0.104630
0 0.253646 0.490741 0.015625 0.092593
0 0.283854 0.476389 0.022917 0.087963
0 0.340104 0.468981 0.015625 0.087963
0 0.480208 0.543519 0.019792 0.094444
0 0.503125 0.418056 0.015625 0.075000
0 0.610938 0.395370 0.016667 0.066667
0 0.711979 0.442593 0.017708 0.081481
0 0.795312 0.428704 0.021875 0.079630
1 0.303906 0.557407 0.030729 0.100000
1 0.222135 0.499074 0.020313 0.087037
1 0.346354 0.493056 0.030208 0.089815
1 0.752344 0.479630 0.018229 0.087037
1 0.697396 0.473611 0.025000 0.093519
1 0.934115 0.589815 0.017188 0.101852
1 0.877604 0.453704 0.022917 0.083333
1 0.494271 0.443981 0.013542 0.089815
1 0.828906 0.381944 0.011979 0.069444
1 0.914062 0.400463 0.016667 0.076852
4 0.790625 0.463889 0.017708 0.085185
4 0.591146 0.309722 0.011458 0.052778
4 0.822656 0.377778 0.004687 0.007407
