4 0.296354 0.258333 0.007292 0.029630
0 0.266406 0.310648 0.007812 0.045370
0 0.328906 0.396759 0.016146 0.067593
0 0.350260 0.440741 0.026562 0.074074
0 0.248438 0.441667 0.014583 0.070370
0 0.152083 0.379167 0.008333 0.062037
0 0.100000 0.534722 0.019792 0.086111
0 0.440885 0.524074 0.011979 0.083333
0 0.478906 0.327778 0.013021 0.050000
0 0.555729 0.349537 0.010417 0.052778
0 0.496094 0.446759 0.011979 0.067593
1 0.505729 0.427778 0.014583 0.066667
1 0.487240 0.366204 0.008854 0.056481
1 0.504167 0.324537 0.012500 0.047222
1 0.501042 0.258796 0.006250 0.032407
1 0.604167 0.289352 0.007292 0.039815
1 0.665885 0.366204 0.007812 0.058333
1 0.765104 0.336111 0.011458 0.050000
1 0.896354 0.442130 0.017708 0.071296
1 0.803385 0.592593 0.023438 0.092593
1 0.506771 0.723148 0.025000 0.118519
4 0.640885 0.457407 0.014063 0.077778
4 0.499479 0.389815 0.004167 0.007407
