0 0.025781 0.752315 0.049479 0.128704
0 0.248958 0.508333 0.028125 0.088889
0 0.876563 0.665741 0.032292 0.125926
0 0.768490 0.555556 0.034896 0.101852
0 0.795573 0.460185 0.019271 0.079630
0 0.826042 0.437037 0.019792 0.075926
1 0.277344 0.790741 0.051562 0.153704
1 0.077604 0.563889 0.046875 0.101852
1 0.841146 0.611111 0.023958 0.107407
1 0.888281 0.519444 0.039062 0.092593
1 0.751563 0.435648 0.023958 0.071296
1 0.593229 0.459259 0.021875 0.079630
0 0.630469 0.444907 0.023438 0.084259
4 0.447396 0.537037 0.029167 0.088889
4 0.019531 0.447685 0.034896 0.060185
4 0.352344 0.037963 0.010937 0.016667
