0 0.016927 0.558333 0.033854 0.129630
0 0.185156 0.719444 0.040104 0.142593
0 0.103125 0.423611 0.019792 0.097222
0 0.285938 0.471759 0.013542 0.102778
0 0.304427 0.336111 0.016146 0.077778
0 0.353906 0.399537 0.017188 0.089815
0 0.495833 0.707407 0.030208 0.137037
0 0.490365 0.470370 0.022396 0.098148
0 0.501302 0.456019 0.017188 0.100926
1 0.774740 0.454630 0.025521 0.079630
1 0.913542 0.543056 0.027083 0.119444
1 0.910156 0.329167 0.017188 0.076852
4 0.375000 0.340741 0.014583 0.081481
0 0.442969 0.630556 0.025521 0.138889
4 0.169792 0.250463 0.014583 0.054630
1 0.617708 0.388889 0.018750 0.092593
1 0.514323 0.387500 0.016146 0.084259
4 0.502604 0.512037 0.007292 0.012963
1 0.554688 0.595833 0.042708 0.113889
1 0.807813 0.725926 0.037500 0.144444
