1 0.386458 0.405556 0.022917 0.074074
4 0.346094 0.387963 0.016146 0.074074
1 0.744010 0.430093 0.026562 0.075000
1 0.601562 0.362963 0.016667 0.072222
1 0.407813 0.307870 0.012500 0.062037
1 0.343750 0.612963 0.025000 0.100000
1 0.808854 0.519907 0.038542 0.082407
1 0.229948 0.484259 0.023438 0.090741
1 0.050000 0.348148 0.021875 0.068519
0 0.390365 0.746759 0.027604 0.128704
0 0.054948 0.498148 0.032813 0.096296
0 0.343750 0.332870 0.013542 0.054630
0 0.640885 0.373148 0.016146 0.070370
0 0.951042 0.566204 0.038542 0.080556
0 0.193229 0.388889 0.019792 0.068519
0 0.365625 0.275926 0.012500 0.046296
4 0.735677 0.524537 0.007812 0.012037
