0 0.291406 0.656944 0.024479 0.115741
4 0.306510 0.681481 0.008854 0.014815
0 0.225000 0.450000 0.016667 0.075926
4 0.027083 0.285185 0.008333 0.037037
0 0.121094 0.344444 0.011979 0.053704
0 0.371354 0.270833 0.009375 0.037963
0 0.511198 0.364815 0.009896 0.057407
1 0.497396 0.356019 0.010417 0.058333
1 0.557031 0.313889 0.013021 0.046296
1 0.617969 0.382407 0.015104 0.055556
0 0.796094 0.426852 0.016146 0.070370
0 0.698698 0.743981 0.028646 0.132407
1 0.234635 0.508333 0.019271 0.081481
0 0.596875 0.337500 0.011458 0.054630
4 0.458333 0.384259 0.013542 0.064815
1 0.467187 0.490278 0.018750 0.089815
0 0.797135 0.704167 0.033854 0.119444
1 0.703385 0.624537 0.030729 0.110185
1 0.612240 0.336574 0.009896 0.050926
0 0.607292 0.975463 0.025000 0.047222
1 0.767708 0.428704 0.016667 0.070370
1 0.742448 0.402315 0.016146 0.065741
1 0.889844 0.539815 0.020313 0.088889
3 0.886198 0.324074 0.014063 0.048148
