0 0.490365 0.871296 0.028646 0.159259
0 0.485938 0.588889 0.016667 0.112963
1 0.511719 0.577315 0.027604 0.123148
1 0.666146 0.688426 0.022917 0.130556
1 0.991146 0.417130 0.015625 0.093519
1 0.899219 0.338426 0.011979 0.075000
1 0.804688 0.480556 0.026042 0.075926
1 0.748177 0.543981 0.021354 0.104630
1 0.576823 0.389815 0.017188 0.079630
1 0.515104 0.343056 0.011458 0.069444
0 0.521615 0.477778 0.015104 0.096296
0 0.494271 0.333333 0.012500 0.072222
0 0.491927 0.285648 0.011979 0.052778
4 0.430469 0.362963 0.028646 0.072222
0 0.340625 0.408333 0.017708 0.087037
0 0.134896 0.473611 0.014583 0.100926
4 0.104948 0.268519 0.013021 0.053704
4 0.501563 0.515278 0.006250 0.010185
