1 0.966406 0.534259 0.024479 0.090741
1 0.896094 0.465741 0.015104 0.081481
1 0.619792 0.740741 0.032292 0.109259
4 0.465365 0.441667 0.020313 0.072222
0 0.882552 0.462963 0.022396 0.079630
0 0.712240 0.654167 0.023438 0.113889
0 0.597135 0.438889 0.020313 0.072222
0 0.663542 0.353704 0.011458 0.059259
1 0.758854 0.640741 0.030208 0.109259
1 0.396094 0.690741 0.053646 0.116667
1 0.361719 0.580556 0.023438 0.094444
1 0.609635 0.544444 0.020313 0.094444
0 0.119531 0.531019 0.026562 0.086111
0 0.358594 0.577778 0.045312 0.079630
0 0.378906 0.363426 0.017188 0.058333
4 0.399219 0.230556 0.008854 0.035185
0 0.330990 0.562963 0.019271 0.085185
0 0.186458 0.411111 0.016667 0.064815
1 0.797917 0.376852 0.018750 0.064815
4 0.339323 0.606019 0.006771 0.012037
1 0.167708 0.548148 0.014583 0.092593
1 0.239583 0.691667 0.038542 0.118519
0 0.091146 0.640278 0.017708 0.104630
