1 0.465625 0.568981 0.021875 0.091667
1 0.700000 0.532407 0.013542 0.085185
1 0.408854 0.510648 0.015625 0.075000
1 0.695312 0.515741 0.007292 0.075926
1 0.754167 0.528704 0.018750 0.085185
1 0.804688 0.555093 0.019792 0.093519
1 0.728906 0.532407 0.021354 0.085185
1 0.896354 0.580556 0.020833 0.096296
1 0.783854 0.541204 0.018750 0.091667
1 0.831771 0.564352 0.019792 0.091667
0 0.113542 0.607407 0.032292 0.103704
0 0.596875 0.585648 0.018750 0.100926
0 0.902604 0.593981 0.029167 0.097222
0 0.107292 0.515741 0.017708 0.087037
0 0.505990 0.551852 0.017188 0.087037
0 0.323177 0.711574 0.036979 0.119444
0 0.840365 0.553704 0.010937 0.096296
0 0.685937 0.523611 0.014583 0.082407
0 0.796094 0.545833 0.014063 0.099074
4 0.574740 0.490278 0.014063 0.080556
4 0.144531 0.572685 0.006771 0.012037
