1 0.935677 0.788889 0.047396 0.135185
4 0.428646 0.528241 0.006250 0.012037
1 0.621875 0.524074 0.030208 0.070370
4 0.653385 0.580093 0.032813 0.091667
1 0.235677 0.709259 0.034896 0.111111
4 0.137240 0.446759 0.019271 0.062037
1 0.287760 0.537037 0.030729 0.085185
1 0.433854 0.658333 0.033333 0.105556
1 0.613021 0.636574 0.039583 0.097222
0 0.759896 0.637500 0.047917 0.106481
0 0.077865 0.557870 0.020313 0.089815
0 0.572917 0.636574 0.042708 0.119444
0 0.410677 0.698611 0.032813 0.108333
0 0.416406 0.493519 0.022396 0.075926
0 0.115365 0.492130 0.027604 0.080556
0 0.329688 0.581019 0.031250 0.089815
1 0.937760 0.622685 0.040104 0.093519
