0 0.032292 0.703704 0.045833 0.137037
4 0.362760 0.770370 0.015104 0.022222
0 0.178906 0.531481 0.028646 0.105556
0 0.067969 0.360648 0.021354 0.084259
4 0.146094 0.224537 0.010937 0.043519
1 0.098958 0.433796 0.030208 0.093519
0 0.311198 0.325000 0.014063 0.066667
0 0.514323 0.260185 0.013021 0.051852
0 0.597135 0.373611 0.011979 0.073148
1 0.588281 0.374537 0.016146 0.073148
1 0.670573 0.299537 0.015104 0.056481
1 0.684896 0.428241 0.028125 0.080556
0 0.735417 0.552315 0.039583 0.121296
0 0.565625 0.728704 0.053125 0.146296
1 0.683073 0.710648 0.035937 0.147222
1 0.785156 0.544907 0.022396 0.121296
1 0.845313 0.378704 0.022917 0.075926
0 0.867448 0.412037 0.017188 0.083333
4 0.582031 0.439815 0.023438 0.090741
1 0.373958 0.637037 0.030208 0.131481
