0 0.751563 0.686574 0.039583 0.137963
1 0.872396 0.526852 0.027083 0.101852
0 0.765885 0.501852 0.030729 0.109259
1 0.805208 0.420370 0.030208 0.092593
0 0.732552 0.361574 0.026562 0.115741
0 0.667188 0.393056 0.022917 0.086111
1 0.657292 0.389815 0.023958 0.090741
1 0.616927 0.329167 0.016146 0.080556
1 0.555729 0.446759 0.027083 0.102778
1 0.527344 0.299537 0.018229 0.075000
1 0.454167 0.348148 0.030208 0.087037
1 0.429948 0.478704 0.024479 0.096296
1 0.039844 0.270833 0.014063 0.073148
0 0.516146 0.287500 0.019792 0.084259
0 0.249479 0.343056 0.018750 0.086111
0 0.173437 0.621759 0.039583 0.134259
3 0.925260 0.275926 0.029687 0.079630
4 0.354167 0.318519 0.022917 0.079630
4 0.744531 0.718056 0.009896 0.015741
