0 0.954688 0.200926 0.026042 0.094444
0 0.540625 0.513889 0.038542 0.129630
0 0.226562 0.568056 0.052083 0.139815
0 0.629948 0.225000 0.023438 0.098148
0 0.926042 0.348148 0.031250 0.122222
0 0.235417 0.275463 0.033333 0.117593
4 0.117448 0.701852 0.014063 0.020370
4 0.622135 0.506481 0.026562 0.138889
1 0.512240 0.167593 0.019271 0.087037
1 0.469010 0.246296 0.021354 0.100000
1 0.965104 0.339815 0.033333 0.127778
1 0.944271 0.241204 0.033333 0.104630
1 0.716146 0.601389 0.036458 0.137963
1 0.578906 0.423148 0.028646 0.131481
0 0.039583 0.358796 0.038542 0.126852
0 0.222135 0.248611 0.024479 0.091667
1 0.481250 0.356944 0.020833 0.113889
4 0.148698 0.014815 0.019271 0.029630
