0 0.117188 0.629630 0.039583 0.118519
1 0.368750 0.396296 0.029167 0.075926
0 0.296875 0.345370 0.022917 0.059259
0 0.211458 0.440278 0.017708 0.089815
1 0.323698 0.458333 0.021354 0.101852
4 0.509635 0.437037 0.020313 0.092593
1 0.232292 0.538889 0.042708 0.096296
0 0.376302 0.690278 0.046354 0.128704
0 0.490104 0.393981 0.020833 0.078704
1 0.581510 0.547222 0.034896 0.111111
1 0.870313 0.637963 0.039583 0.107407
1 0.592969 0.406944 0.028646 0.080556
1 0.591146 0.321296 0.017708 0.061111
0 0.528125 0.301389 0.015625 0.056481
1 0.910937 0.483333 0.030208 0.101852
0 0.861719 0.527315 0.028646 0.115741
0 0.656771 0.683333 0.036458 0.125926
1 0.928906 0.534722 0.029687 0.106481
4 0.432031 0.333333 0.005729 0.009259
4 0.056771 0.258333 0.014583 0.051852
