1 0.874219 0.562963 0.024479 0.118519
1 0.921094 0.659259 0.036979 0.116667
1 0.469792 0.661111 0.042708 0.125926
1 0.631250 0.473148 0.015625 0.075926
1 0.396875 0.456019 0.019792 0.076852
0 0.619010 0.490278 0.026562 0.087963
0 0.359635 0.449074 0.024479 0.068519
0 0.773698 0.584259 0.036979 0.114815
0 0.772396 0.896759 0.053125 0.175000
0 0.004167 0.775463 0.008333 0.054630
0 0.432552 0.574537 0.024479 0.112037
0 0.036719 0.500000 0.024479 0.105556
4 0.043750 0.422685 0.021875 0.073148
4 0.853125 0.508333 0.023958 0.096296
4 0.354948 0.478704 0.008854 0.014815
1 0.490104 0.540278 0.031250 0.108333
1 0.936979 0.469907 0.014583 0.089815
