0 0.086198 0.477315 0.026562 0.108333
0 0.814583 0.499074 0.035417 0.120370
0 0.398698 0.525926 0.032813 0.088889
0 0.519010 0.480093 0.023438 0.100926
0 0.552604 0.708796 0.040625 0.134259
0 0.859115 0.512500 0.023438 0.106481
0 0.630729 0.511574 0.025000 0.113889
0 0.323437 0.598148 0.032292 0.107407
1 0.372917 0.578241 0.032292 0.078704
1 0.206250 0.515741 0.023958 0.101852
1 0.821615 0.551852 0.034896 0.109259
1 0.606510 0.480556 0.028646 0.105556
1 0.845313 0.488889 0.023958 0.111111
1 0.765885 0.509259 0.030729 0.107407
1 0.497656 0.527778 0.018229 0.116667
1 0.625000 0.459259 0.015625 0.105556
4 0.354948 0.435648 0.026562 0.093519
4 0.377083 0.637500 0.009375 0.015741
1 0.663542 0.581481 0.035417 0.131481
1 0.688802 0.492593 0.027604 0.116667
