0 0.500260 0.835648 0.032813 0.132407
0 0.165365 0.521759 0.014063 0.084259
0 0.093490 0.412037 0.011979 0.061111
0 0.516146 0.375463 0.009375 0.058333
0 0.191927 0.353704 0.014063 0.053704
0 0.334635 0.303704 0.006771 0.040741
0 0.383073 0.344444 0.010937 0.053704
0 0.497396 0.348148 0.007292 0.048148
0 0.496354 0.331944 0.009375 0.041667
0 0.500521 0.292593 0.008333 0.037037
4 0.257031 0.268519 0.005729 0.024074
4 0.500521 0.397685 0.005208 0.008333
1 0.734896 0.577778 0.021875 0.098148
1 0.534115 0.441204 0.021354 0.076852
1 0.661458 0.402778 0.011458 0.066667
1 0.989062 0.494444 0.020833 0.070370
1 0.548438 0.335185 0.011458 0.050000
1 0.539583 0.309722 0.007292 0.043519
1 0.691927 0.358333 0.007812 0.053704
1 0.930208 0.401389 0.012500 0.065741
1 0.825000 0.347222 0.010417 0.048148
4 0.371354 0.323611 0.009375 0.047222
1 0.721354 0.309722 0.010417 0.043519
