0 0.444792 0.642130 0.015625 0.080556
0 0.430729 0.478704 0.014583 0.057407
0 0.554167 0.392593 0.008333 0.042593
0 0.520573 0.451389 0.013021 0.052778
0 0.647396 0.414352 0.013542 0.047222
0 0.693490 0.571759 0.011979 0.063889
0 0.566927 0.450463 0.014063 0.052778
0 0.729427 0.359722 0.007812 0.032407
0 0.938281 0.484259 0.013021 0.055556
0 0.778646 0.436574 0.009375 0.049074
1 0.984896 0.533333 0.014583 0.066667
1 0.375260 0.511111 0.009896 0.059259
1 0.769531 0.437500 0.007812 0.050926
1 0.618750 0.510185 0.010417 0.062963
1 0.993490 0.481481 0.011979 0.061111
1 0.923698 0.583333 0.016146 0.072222
1 0.808854 0.487500 0.014583 0.056481
1 0.458594 0.434259 0.014063 0.053704
1 0.704688 0.398148 0.010417 0.042593
1 0.989583 0.450926 0.011458 0.051852
4 0.789583 0.449537 0.009375 0.050926
4 0.642448 0.337037 0.005729 0.029630
4 0.079687 0.450463 0.003125 0.004630
2 0.073698 0.469907 0.013021 0.054630
