4 0.362500 0.207870 0.007292 0.032407
0 0.393750 0.271296 0.010417 0.046296
1 0.462760 0.307870 0.015104 0.052778
1 0.287240 0.385648 0.017188 0.065741
0 0.175521 0.535648 0.038542 0.097222
0 0.136719 0.606944 0.024479 0.099074
0 0.122917 0.351389 0.014583 0.065741
0 0.433333 0.512963 0.023958 0.088889
1 0.490365 0.534722 0.016146 0.100926
0 0.507292 0.339352 0.012500 0.063889
1 0.548177 0.387037 0.014063 0.070370
1 0.623437 0.625000 0.032292 0.107407
0 0.690885 0.622222 0.027604 0.111111
4 0.720573 0.410648 0.017188 0.076852
1 0.793750 0.448611 0.023958 0.084259
0 0.813802 0.288426 0.019271 0.065741
1 0.874740 0.314815 0.018229 0.053704
1 0.922656 0.367593 0.020313 0.062963
0 0.926042 0.413426 0.014583 0.069444
0 0.919010 0.479167 0.021354 0.099074
1 0.940365 0.581019 0.021354 0.102778
4 0.151562 0.605093 0.008333 0.012037
