1 0.634375 0.598148 0.035417 0.129630
1 0.646354 0.490278 0.028125 0.104630
0 0.621094 0.658333 0.043229 0.146296
0 0.725781 0.482870 0.033854 0.106481
1 0.122135 0.481481 0.036979 0.122222
1 0.872917 0.566667 0.035417 0.120370
1 0.219010 0.353704 0.022396 0.105556
1 0.042969 0.276852 0.023438 0.090741
1 0.194010 0.303704 0.028646 0.092593
1 0.635156 0.433333 0.047396 0.096296
0 0.127865 0.297685 0.022396 0.089815
0 0.824219 0.597222 0.026562 0.131481
3 0.354167 0.268519 0.028125 0.079630
4 0.852865 0.521759 0.007812 0.012037
