0 0.518229 0.336111 0.021875 0.070370
0 0.687240 0.588426 0.040104 0.095370
0 0.846354 0.744907 0.053125 0.126852
3 0.890365 0.335185 0.025521 0.074074
0 0.299219 0.405556 0.026562 0.081481
0 0.585156 0.508796 0.028646 0.099074
0 0.546094 0.459722 0.033854 0.099074
4 0.698438 0.633333 0.008333 0.016667
4 0.167969 0.418981 0.031771 0.086111
1 0.422656 0.381481 0.026562 0.074074
1 0.474479 0.417593 0.036458 0.087037
1 0.834635 0.591667 0.028646 0.090741
1 0.640625 0.409259 0.026042 0.081481
1 0.533333 0.506019 0.033333 0.095370
1 0.434635 0.708796 0.029687 0.123148
1 0.680469 0.580093 0.043229 0.093519
1 0.355469 0.581944 0.025521 0.102778
0 0.043750 0.628241 0.036458 0.125000
1 0.362760 0.495370 0.019271 0.096296
