2 0.162500 0.418056 0.010417 0.080556
1 0.213021 0.554167 0.027083 0.099074
1 0.208333 0.541667 0.019792 0.096296
1 0.523698 0.543981 0.016146 0.095370
4 0.417448 0.523611 0.023438 0.097222
1 0.261198 0.530556 0.025521 0.094444
1 0.296875 0.495833 0.017708 0.093519
1 0.361198 0.506019 0.020313 0.087963
1 0.631771 0.461574 0.010417 0.080556
1 0.974740 0.561111 0.017188 0.096296
1 0.904167 0.449537 0.016667 0.082407
1 0.918229 0.367593 0.012500 0.066667
0 0.237500 0.535185 0.021875 0.090741
0 0.229167 0.519907 0.013542 0.091667
0 0.253906 0.515741 0.016146 0.094444
0 0.283854 0.503704 0.017708 0.090741
0 0.318229 0.491667 0.018750 0.088889
0 0.371615 0.480093 0.015104 0.084259
0 0.407552 0.493056 0.009896 0.086111
0 0.425260 0.452315 0.014063 0.078704
0 0.558594 0.450000 0.010937 0.074074
0 0.679427 0.376852 0.007812 0.066667
4 0.742969 0.316204 0.011979 0.052778
4 0.857031 0.394907 0.005729 0.008333
