0 0.080990 0.440278 0.016146 0.065741
0 0.204427 0.477315 0.023438 0.069444
0 0.097396 0.437963 0.012500 0.072222
0 0.108073 0.461574 0.014063 0.071296
0 0.126823 0.466667 0.014063 0.070370
0 0.045052 0.500926 0.017188 0.077778
0 0.614583 0.496759 0.017708 0.069444
3 0.300000 0.414352 0.013542 0.062037
1 0.203646 0.430556 0.019792 0.068519
1 0.260417 0.431944 0.015625 0.065741
1 0.118490 0.434722 0.011979 0.062037
1 0.231250 0.419907 0.011458 0.056481
1 0.233594 0.423148 0.013021 0.064815
1 0.351823 0.442593 0.015104 0.062963
1 0.245833 0.431019 0.014583 0.065741
1 0.302083 0.425926 0.012500 0.064815
1 0.124219 0.485185 0.015104 0.068519
1 0.187760 0.445833 0.014063 0.065741
4 0.974740 0.569907 0.016146 0.087963
4 0.697396 0.490741 0.005208 0.009259
