4 0.283073 0.608796 0.006771 0.012037
2 0.016667 0.294444 0.015625 0.066667
4 0.593229 0.179167 0.009375 0.037963
4 0.744010 0.389352 0.031771 0.067593
0 0.254427 0.387037 0.022396 0.068519
0 0.221615 0.511574 0.036979 0.075000
1 0.350260 0.382407 0.020313 0.074074
1 0.309635 0.465278 0.022396 0.087963
1 0.258333 0.532407 0.039583 0.072222
1 0.286979 0.584722 0.039583 0.102778
0 0.328646 0.616667 0.043750 0.096296
0 0.234635 0.763889 0.066146 0.125926
0 0.677865 0.241204 0.017188 0.039815
0 0.647396 0.355093 0.027083 0.071296
1 0.704688 0.431481 0.026042 0.079630
0 0.653385 0.472222 0.028646 0.087037
1 0.663021 0.708796 0.031250 0.128704
1 0.794010 0.529167 0.030729 0.100926
