0 0.168229 0.473611 0.030208 0.143519
0 0.258333 0.582870 0.034375 0.152778
0 0.285156 0.339815 0.022396 0.114815
0 0.429688 0.411574 0.034375 0.134259
0 0.447656 0.315741 0.021354 0.103704
0 0.796615 0.399074 0.028646 0.116667
1 0.830990 0.397222 0.035937 0.112963
4 0.758854 0.527778 0.032292 0.142593
0 0.710677 0.490278 0.041146 0.141667
4 0.374219 0.312963 0.024479 0.092593
1 0.406771 0.350000 0.023958 0.118519
1 0.560417 0.421296 0.040625 0.120370
1 0.260937 0.470370 0.030208 0.137037
1 0.545573 0.625000 0.034896 0.161111
4 0.445833 0.256481 0.007292 0.012963
