0 0.548177 0.460648 0.013021 0.060185
0 0.385417 0.419444 0.011458 0.048148
0 0.375781 0.573611 0.015104 0.078704
0 0.181510 0.531481 0.017188 0.066667
0 0.640104 0.586574 0.019792 0.073148
0 0.338802 0.466204 0.017188 0.056481
4 0.089063 0.364815 0.010417 0.037037
1 0.138021 0.455093 0.015625 0.054630
1 0.651302 0.717593 0.027604 0.090741
1 0.419792 0.521296 0.012500 0.070370
1 0.469792 0.469907 0.015625 0.056481
1 0.357031 0.408333 0.013021 0.044444
1 0.508854 0.452315 0.010417 0.058333
0 0.067448 0.563889 0.013021 0.077778
0 0.095312 0.488426 0.011458 0.062037
0 0.110156 0.450926 0.014063 0.051852
4 0.264323 0.551389 0.016146 0.071296
1 0.073177 0.521759 0.015104 0.065741
4 0.915104 0.456019 0.003125 0.006481
1 0.262500 0.504630 0.013542 0.051852
1 0.559375 0.511111 0.016667 0.064815
0 0.091927 0.672222 0.017188 0.090741
1 0.397135 0.720833 0.024479 0.093519
3 0.922396 0.444444 0.015625 0.031481
