1 0.856771 0.831019 0.039583 0.178704
0 0.479427 0.487963 0.028646 0.107407
1 0.985938 0.561574 0.027083 0.143519
0 0.975000 0.415741 0.030208 0.116667
0 0.286979 0.590278 0.025000 0.137963
1 0.615625 0.468981 0.022917 0.119444
1 0.454167 0.569444 0.031250 0.138889
1 0.474479 0.343981 0.021875 0.099074
1 0.484115 0.471759 0.027604 0.021296
1 0.571875 0.386574 0.019792 0.106481
0 0.225260 0.370370 0.026562 0.105556
0 0.393750 0.485185 0.030208 0.131481
0 0.297917 0.450926 0.027083 0.118519
4 0.320312 0.522685 0.029167 0.134259
4 0.482292 0.542593 0.007292 0.012963
0 0.199740 0.343056 0.023438 0.089815
4 0.238802 0.237963 0.019271 0.072222
