0 0.491667 0.697685 0.034375 0.115741
4 0.314323 0.461574 0.019271 0.078704
0 0.090365 0.413889 0.016146 0.074074
0 0.036719 0.392130 0.020313 0.069444
0 0.490365 0.454630 0.013021 0.074074
1 0.072656 0.509259 0.020313 0.087037
1 0.264323 0.355556 0.017188 0.061111
1 0.195833 0.392130 0.017708 0.067593
4 0.715885 0.309259 0.007812 0.009259
1 0.472135 0.418519 0.014063 0.068519
1 0.651823 0.611111 0.019271 0.096296
1 0.564063 0.379630 0.012500 0.066667
1 0.653906 0.471759 0.017188 0.080556
0 0.757552 0.380556 0.013021 0.062963
3 0.861719 0.365278 0.020313 0.069444
