0 0.763802 0.565278 0.043229 0.136111
0 0.495052 0.429630 0.029687 0.133333
0 0.821354 0.575000 0.035417 0.162963
0 0.370573 0.498611 0.030729 0.150926
0 0.489063 0.401389 0.029167 0.108333
2 0.351562 0.409722 0.032292 0.121296
4 0.953385 0.574074 0.035937 0.161111
1 0.724479 0.801389 0.075000 0.204630
1 0.969792 0.603704 0.038542 0.148148
1 0.349740 0.640278 0.036979 0.158333
1 0.655469 0.545833 0.030729 0.136111
0 0.606771 0.447222 0.027083 0.122222
0 0.528646 0.473611 0.037500 0.126852
4 0.376302 0.535185 0.010937 0.020370
0 0.766146 0.425000 0.028125 0.129630
0 0.874740 0.491204 0.029687 0.132407
1 0.430990 0.607870 0.056771 0.154630
1 0.434375 0.587500 0.042708 0.156481
1 0.396094 0.414815 0.025521 0.118519
1 0.890625 0.765741 0.073958 0.192593
