4 0.293490 0.448611 0.006771 0.010185
4 0.260677 0.449074 0.028646 0.109259
1 0.066667 0.418981 0.036458 0.102778
1 0.256250 0.500000 0.041667 0.109259
0 0.475000 0.532407 0.032292 0.114815
0 0.025781 0.879630 0.051562 0.177778
0 0.247917 0.343056 0.025000 0.082407
0 0.261458 0.403704 0.034375 0.094444
1 0.178646 0.363426 0.031250 0.089815
1 0.909896 0.539352 0.039583 0.106481
1 0.473958 0.443519 0.027083 0.090741
0 0.416406 0.278704 0.022396 0.074074
1 0.428906 0.331944 0.022396 0.080556
1 0.579948 0.384722 0.022396 0.097222
1 0.633333 0.476852 0.030208 0.088889
0 0.658333 0.421296 0.033333 0.103704
