4 0.694010 0.505093 0.006771 0.012037
0 0.280208 0.677778 0.040625 0.116667
4 0.517708 0.431944 0.030208 0.076852
0 0.153906 0.423611 0.028646 0.082407
0 0.633333 0.468056 0.042708 0.075000
0 0.364323 0.516667 0.036979 0.090741
0 0.950521 0.398611 0.027083 0.080556
0 0.980208 0.427315 0.037500 0.099074
1 0.885938 0.409259 0.022917 0.085185
1 0.986719 0.451389 0.025521 0.099074
1 0.803385 0.516204 0.036979 0.108333
1 0.407552 0.643981 0.045312 0.130556
1 0.118490 0.412500 0.036979 0.086111
1 0.688281 0.463426 0.021354 0.078704
1 0.684115 0.371296 0.031771 0.072222
