0 0.503906 0.708796 0.031771 0.100926
0 0.633333 0.576389 0.027083 0.073148
1 0.101042 0.638426 0.031250 0.093519
1 0.814844 0.460185 0.022396 0.066667
1 0.666927 0.384259 0.014063 0.057407
1 0.568750 0.570370 0.020833 0.087037
1 0.271615 0.733796 0.030729 0.119444
1 0.471615 0.508333 0.030729 0.074074
1 0.135937 0.382870 0.012500 0.056481
0 0.805729 0.502315 0.019792 0.080556
0 0.573177 0.429167 0.020313 0.069444
0 0.215104 0.375463 0.014583 0.052778
4 0.425260 0.473148 0.020313 0.072222
0 0.394792 0.467130 0.022917 0.069444
0 0.275000 0.573611 0.036458 0.069444
4 0.247135 0.265741 0.010937 0.033333
4 0.503906 0.215741 0.008854 0.012963
0 0.113281 0.453241 0.024479 0.058333
0 0.191927 0.710648 0.047396 0.093519
0 0.020313 0.625463 0.027083 0.093519
1 0.690365 0.780093 0.030729 0.119444
1 0.856250 0.585185 0.036458 0.077778
