4 0.809896 0.506019 0.015625 0.076852
1 0.682552 0.487963 0.021354 0.077778
1 0.729688 0.453704 0.015625 0.070370
1 0.768229 0.451389 0.015625 0.065741
1 0.857552 0.443519 0.021354 0.072222
1 0.907813 0.470833 0.019792 0.073148
0 0.697135 0.486574 0.018229 0.071296
0 0.695052 0.442593 0.014063 0.059259
0 0.728125 0.448148 0.015625 0.061111
0 0.742188 0.452778 0.013542 0.064815
0 0.785156 0.453704 0.016146 0.070370
0 0.841927 0.445833 0.019271 0.067593
0 0.877344 0.458333 0.016146 0.068519
0 0.868229 0.554630 0.019792 0.083333
2 0.750781 0.437500 0.024479 0.063889
0 0.998177 0.457870 0.002604 0.026852
1 0.100260 0.520370 0.018229 0.083333
4 0.148438 0.562963 0.007292 0.011111
