1 0.866927 0.617593 0.029687 0.105556
1 0.704167 0.487500 0.028125 0.087963
1 0.020573 0.868519 0.041146 0.153704
1 0.019010 0.662037 0.038021 0.116667
1 0.390365 0.447222 0.028646 0.081481
1 0.478385 0.503241 0.026562 0.089815
1 0.732292 0.454630 0.019792 0.085185
1 0.437500 0.376389 0.020833 0.073148
0 0.640104 0.752778 0.029167 0.137037
0 0.138802 0.528241 0.028646 0.102778
0 0.067969 0.591204 0.024479 0.119444
0 0.242448 0.426389 0.022396 0.086111
0 0.771615 0.461111 0.024479 0.085185
0 0.608854 0.544907 0.031250 0.087963
4 0.342187 0.416667 0.022917 0.081481
4 0.656250 0.405556 0.013542 0.016667
0 0.030208 0.834722 0.044792 0.147222
