0 0.148438 0.618981 0.041667 0.126852
0 0.591927 0.386111 0.020313 0.087037
0 0.340625 0.432870 0.027083 0.095370
0 0.815104 0.378704 0.028125 0.079630
0 0.700521 0.335648 0.018750 0.071296
1 0.784896 0.609259 0.046875 0.122222
1 0.452083 0.479630 0.031250 0.109259
1 0.614062 0.551852 0.036458 0.101852
1 0.969010 0.423611 0.029687 0.099074
1 0.928906 0.376389 0.023438 0.087963
1 0.783854 0.423611 0.022917 0.099074
4 0.742708 0.450463 0.031250 0.093519
4 0.240625 0.309259 0.019792 0.066667
4 0.599479 0.562500 0.009375 0.015741
0 0.199740 0.457870 0.032813 0.093519
0 0.564583 0.559259 0.045833 0.111111
0 0.975000 0.433796 0.026042 0.102778
