0 0.005990 0.604630 0.011979 0.072222
0 0.192188 0.507407 0.019792 0.090741
0 0.180208 0.519907 0.033333 0.093519
0 0.256771 0.481944 0.035417 0.078704
0 0.079687 0.538426 0.036458 0.106481
0 0.310417 0.472222 0.021875 0.077778
0 0.284635 0.507407 0.031771 0.092593
0 0.452865 0.489352 0.021354 0.084259
0 0.700781 0.403704 0.020313 0.079630
0 0.378125 0.453704 0.023958 0.088889
1 0.314583 0.509259 0.025000 0.092593
1 0.087240 0.543056 0.054688 0.099074
1 0.696875 0.505556 0.023958 0.098148
1 0.242969 0.491204 0.035937 0.082407
1 0.470052 0.578241 0.019271 0.110185
1 0.263021 0.489352 0.026042 0.091667
1 0.936458 0.402778 0.039583 0.083333
1 0.963281 0.529167 0.028646 0.108333
4 0.169271 0.623611 0.029167 0.119444
4 0.653385 0.313426 0.023438 0.052778
4 0.629687 0.297222 0.005208 0.007407
