0 0.263542 0.918519 0.045833 0.161111
1 0.037500 0.425000 0.023958 0.085185
0 0.014583 0.632870 0.029167 0.117593
0 0.280990 0.483333 0.021354 0.090741
4 0.713542 0.466204 0.022917 0.084259
0 0.496094 0.334259 0.014063 0.057407
0 0.316406 0.430556 0.020313 0.085185
0 0.198958 0.368056 0.028125 0.062037
0 0.661458 0.440278 0.020833 0.082407
1 0.208333 0.365741 0.018750 0.051852
1 0.437500 0.482870 0.015625 0.089815
1 0.230990 0.543519 0.020313 0.096296
1 0.573177 0.356019 0.019271 0.067593
1 0.514323 0.383333 0.024479 0.072222
4 0.113802 0.327315 0.015104 0.054630
4 0.190625 0.398148 0.006250 0.007407
1 0.635156 0.434722 0.020313 0.078704
1 0.862500 0.395833 0.021875 0.080556
1 0.951823 0.501852 0.023438 0.092593
