0 0.471615 0.765278 0.031771 0.156481
1 0.603125 0.613889 0.027083 0.122222
0 0.601823 0.504167 0.041146 0.095370
0 0.312760 0.404630 0.017188 0.077778
1 0.461198 0.458796 0.023438 0.089815
1 0.631771 0.538426 0.023958 0.119444
4 0.219010 0.516667 0.023438 0.111111
4 0.548958 0.380093 0.006250 0.008333
1 0.364583 0.424074 0.019792 0.075926
0 0.239063 0.580093 0.026042 0.113889
0 0.742188 0.587037 0.041667 0.120370
0 0.743229 0.544907 0.030208 0.080556
1 0.620313 0.706944 0.034375 0.150926
1 0.791406 0.537500 0.050521 0.102778
0 0.924740 0.604167 0.027604 0.136111
1 0.904167 0.594444 0.025000 0.112963
3 0.969271 0.535648 0.018750 0.113889
1 0.991406 0.633796 0.016146 0.113889
