1 0.425781 0.805556 0.022396 0.120370
1 0.806510 0.607407 0.020313 0.105556
1 0.905208 0.898611 0.036458 0.152778
1 0.248958 0.606481 0.034375 0.100000
4 0.606250 0.427315 0.012500 0.071296
1 0.739323 0.705556 0.025521 0.112963
1 0.186979 0.496759 0.025000 0.086111
0 0.276302 0.574537 0.021354 0.097222
0 0.483333 0.657407 0.021875 0.107407
0 0.094271 0.523148 0.017708 0.087037
0 0.187240 0.439352 0.018229 0.067593
0 0.303125 0.462037 0.013542 0.075926
0 0.318750 0.364352 0.012500 0.063889
0 0.388802 0.342593 0.010937 0.055556
0 0.584375 0.354630 0.014583 0.061111
0 0.703385 0.423148 0.014063 0.068519
0 0.876563 0.628241 0.027083 0.112037
1 0.372917 0.343519 0.013542 0.059259
1 0.796615 0.362037 0.016146 0.062963
4 0.417187 0.793981 0.007292 0.017593
4 0.621875 0.210185 0.007292 0.031481
1 0.928906 0.454630 0.021354 0.079630
2 0.155990 0.303241 0.009896 0.052778
