0 0.365104 0.628241 0.040625 0.110185
0 0.564844 0.516204 0.040104 0.097222
0 0.622656 0.542593 0.038021 0.098148
0 0.943490 0.625463 0.044271 0.121296
0 0.948958 0.541204 0.033333 0.117593
0 0.737240 0.466204 0.029687 0.080556
2 0.072135 0.528704 0.039062 0.096296
4 0.425260 0.625926 0.028646 0.125926
1 0.764844 0.628704 0.023438 0.116667
1 0.769792 0.508333 0.029167 0.090741
1 0.789323 0.453241 0.033854 0.089815
4 0.792708 0.405093 0.018750 0.065741
4 0.445833 0.312037 0.009375 0.012963
1 0.179167 0.602778 0.037500 0.107407
1 0.279167 0.564352 0.038542 0.106481
0 0.302344 0.557870 0.028646 0.104630
0 0.208333 0.581944 0.036458 0.102778
