4 0.078646 0.606481 0.033333 0.120370
0 0.364063 0.979630 0.027083 0.038889
4 0.973698 0.649074 0.050521 0.116667
0 0.581771 0.733333 0.037500 0.133333
1 0.480469 0.730556 0.030729 0.146296
0 0.451042 0.716204 0.035417 0.139815
4 0.677344 0.632407 0.010937 0.018519
0 0.140104 0.546759 0.033333 0.108333
1 0.062500 0.452315 0.032292 0.082407
0 0.116406 0.400463 0.034896 0.076852
1 0.325260 0.450000 0.028646 0.075926
0 0.318750 0.430556 0.019792 0.057407
0 0.504427 0.473148 0.022396 0.087037
3 0.489844 0.327315 0.026562 0.063889
1 0.661979 0.612500 0.040625 0.104630
0 0.576302 0.588426 0.038021 0.115741
