4 0.381250 0.625463 0.050000 0.132407
1 0.119792 0.466204 0.023958 0.099074
1 0.747396 0.585185 0.052083 0.127778
1 0.213802 0.479167 0.027604 0.110185
1 0.154688 0.490741 0.029167 0.103704
0 0.234635 0.669907 0.039062 0.143519
0 0.658854 0.491204 0.045833 0.084259
0 0.180208 0.455093 0.025000 0.091667
0 0.134115 0.495833 0.041146 0.112037
0 0.202344 0.468056 0.025521 0.108333
0 0.043229 0.482870 0.030208 0.102778
4 0.550781 0.447222 0.008854 0.014815
0 0.393229 0.415278 0.027083 0.076852
1 0.587500 0.474074 0.030208 0.075926
0 0.314323 0.543519 0.035937 0.111111
1 0.449479 0.501852 0.041667 0.098148
4 0.463802 0.307407 0.020313 0.059259
1 0.729688 0.552778 0.023958 0.107407
0 0.788542 0.536111 0.031250 0.109259
1 0.291667 0.708333 0.047917 0.155556
