4 0.239844 0.460648 0.006771 0.012037
4 0.294792 0.576389 0.048958 0.110185
0 0.563281 0.428241 0.017188 0.080556
0 0.377865 0.607407 0.024479 0.125926
0 0.695573 0.457407 0.030729 0.092593
1 0.856510 0.569907 0.038021 0.113889
1 0.420573 0.456481 0.018229 0.081481
1 0.728646 0.409722 0.017708 0.071296
1 0.975781 0.658796 0.039062 0.136111
1 0.848698 0.441667 0.031771 0.079630
4 0.648438 0.356019 0.019792 0.062037
0 0.381250 0.464815 0.017708 0.092593
0 0.186198 0.502315 0.042188 0.093519
1 0.186198 0.536574 0.030729 0.108333
2 0.263802 0.486111 0.051562 0.081481
0 0.518229 0.890741 0.042708 0.168519
