4 0.653646 0.716204 0.014583 0.025000
0 0.627083 0.733796 0.070833 0.184259
0 0.695052 0.707407 0.040104 0.150000
0 0.124219 0.526389 0.035937 0.130556
4 0.421875 0.346296 0.018750 0.090741
3 0.789583 0.212963 0.014583 0.061111
0 0.559115 0.497222 0.032813 0.111111
0 0.197396 0.350000 0.019792 0.092593
0 0.408073 0.276389 0.020313 0.069444
0 0.702083 0.332407 0.022917 0.090741
1 0.236458 0.503704 0.032292 0.118519
1 0.668490 0.650000 0.042188 0.140741
1 0.615104 0.437037 0.026042 0.109259
1 0.197917 0.271759 0.021875 0.063889
1 0.369531 0.335185 0.020313 0.083333
1 0.497917 0.252778 0.019792 0.070370
1 0.796094 0.471296 0.035937 0.105556
1 0.795052 0.379630 0.021354 0.103704
1 0.720833 0.323611 0.023958 0.080556
