1 0.684896 0.689352 0.030208 0.132407
1 0.534375 0.549537 0.019792 0.097222
1 0.515625 0.497685 0.022917 0.093519
1 0.607812 0.474074 0.017708 0.079630
1 0.776042 0.525000 0.017708 0.092593
1 0.737240 0.493519 0.016146 0.088889
1 0.704688 0.477315 0.016667 0.086111
0 0.514323 0.580556 0.025521 0.100000
0 0.478646 0.502315 0.016667 0.087963
0 0.530729 0.470833 0.018750 0.082407
0 0.513542 0.478704 0.018750 0.083333
0 0.576302 0.452315 0.020313 0.078704
0 0.586979 0.453704 0.018750 0.075926
0 0.611198 0.437963 0.017188 0.070370
0 0.638281 0.451389 0.018229 0.082407
0 0.617708 0.433333 0.011458 0.077778
2 0.262500 0.415741 0.026042 0.087037
4 0.881771 0.346759 0.012500 0.056481
4 0.677083 0.514815 0.022917 0.096296
4 0.711198 0.723148 0.008854 0.016667
1 0.629427 0.433333 0.020313 0.079630
