1 0.725521 0.618981 0.023958 0.100926
1 0.564844 0.369444 0.023438 0.088889
1 0.211719 0.427778 0.031771 0.094444
1 0.521615 0.771759 0.047396 0.145370
1 0.064844 0.487500 0.031771 0.104630
1 0.241146 0.289815 0.026042 0.074074
1 0.499740 0.451389 0.031771 0.104630
1 0.500000 0.380556 0.021875 0.087037
1 0.467448 0.314352 0.026562 0.082407
1 0.430208 0.294444 0.015625 0.072222
0 0.619010 0.569907 0.030729 0.115741
0 0.452344 0.684259 0.050521 0.122222
0 0.257031 0.436574 0.028646 0.099074
0 0.401823 0.313889 0.027604 0.075926
0 0.430208 0.337963 0.017708 0.077778
0 0.437500 0.377315 0.023958 0.089815
0 0.573177 0.315741 0.019271 0.077778
0 0.542708 0.374537 0.021875 0.089815
3 0.750260 0.268056 0.019271 0.075000
4 0.195052 0.349074 0.025521 0.081481
4 0.680469 0.658796 0.009896 0.015741
