2 0.044792 0.449537 0.028125 0.073148
0 0.272135 0.528241 0.035937 0.095370
0 0.402604 0.582870 0.027083 0.119444
1 0.306771 0.481944 0.030208 0.113889
0 0.337500 0.495370 0.022917 0.088889
0 0.429948 0.463889 0.026562 0.088889
0 0.537760 0.506481 0.026562 0.075926
4 0.545052 0.601389 0.029687 0.126852
0 0.576823 0.402315 0.022396 0.075000
0 0.707812 0.456481 0.025000 0.096296
0 0.741667 0.487963 0.025000 0.111111
0 0.964063 0.520370 0.028125 0.114815
1 0.888542 0.587037 0.030208 0.122222
1 0.911719 0.611111 0.019271 0.129630
1 0.727083 0.522222 0.025000 0.109259
1 0.654687 0.481944 0.021875 0.102778
1 0.673698 0.359722 0.023438 0.080556
4 0.768229 0.295370 0.020833 0.061111
4 0.640885 0.525000 0.007812 0.012963
