4 0.146354 0.419907 0.007292 0.010185
4 0.363281 0.444444 0.021354 0.094444
1 0.072656 0.837037 0.036979 0.162963
0 0.110677 0.496296 0.034896 0.096296
0 0.113281 0.370833 0.020313 0.065741
1 0.337760 0.394907 0.016146 0.086111
1 0.322917 0.471759 0.017708 0.091667
0 0.390104 0.493519 0.021875 0.100000
1 0.498958 0.442130 0.032292 0.089815
1 0.577344 0.398148 0.016146 0.081481
0 0.619271 0.455093 0.017708 0.099074
1 0.725521 0.438889 0.019792 0.096296
0 0.796094 0.482407 0.017188 0.094444
1 0.851823 0.487500 0.021354 0.099074
1 0.688542 0.606481 0.032292 0.131481
1 0.930729 0.716667 0.033333 0.137037
1 0.941927 0.563889 0.023438 0.107407
0 0.953385 0.702315 0.031771 0.136111
0 0.914844 0.664815 0.026562 0.129630
0 0.594010 0.662963 0.027604 0.131481
