0 0.083073 0.627315 0.025521 0.106481
1 0.373177 0.495370 0.015104 0.075926
0 0.583073 0.406019 0.017188 0.062037
0 0.243490 0.379167 0.011979 0.058333
1 0.202865 0.398611 0.011979 0.062037
1 0.343490 0.443056 0.017188 0.075000
4 0.157812 0.518519 0.018750 0.085185
1 0.272917 0.419444 0.015625 0.068519
0 0.121354 0.479167 0.020833 0.078704
0 0.440365 0.496759 0.017188 0.084259
0 0.558854 0.464815 0.011458 0.068519
1 0.310417 0.741667 0.034375 0.133333
1 0.448698 0.452778 0.019271 0.072222
0 0.534635 0.448148 0.021354 0.072222
1 0.528646 0.511574 0.028125 0.080556
3 0.614844 0.383796 0.013021 0.058333
1 0.558333 0.589352 0.019792 0.095370
0 0.610677 0.669444 0.022396 0.111111
4 0.619792 0.415741 0.004167 0.007407
