0 0.559375 0.513426 0.032292 0.108333
0 0.188021 0.406481 0.022917 0.092593
0 0.517188 0.585648 0.031250 0.110185
0 0.279687 0.570833 0.043750 0.104630
1 0.589844 0.608333 0.026562 0.100000
1 0.189323 0.664815 0.041146 0.138889
1 0.346094 0.546759 0.052604 0.095370
1 0.372656 0.469907 0.026562 0.080556
1 0.431250 0.530093 0.041667 0.099074
4 0.314323 0.619444 0.008854 0.012963
1 0.212240 0.590278 0.043229 0.106481
1 0.464323 0.573148 0.048438 0.105556
1 0.201823 0.891667 0.058854 0.179630
3 0.789323 0.471296 0.038021 0.074074
