1 0.710156 0.709722 0.027604 0.125000
4 0.736979 0.726852 0.008333 0.016667
1 0.974219 0.584259 0.017188 0.094444
4 0.873437 0.503241 0.014583 0.087963
1 0.857812 0.506019 0.020833 0.082407
2 0.259115 0.477315 0.016146 0.078704
4 0.904687 0.400926 0.014583 0.059259
1 0.828125 0.484259 0.019792 0.083333
1 0.684896 0.536574 0.021875 0.087963
1 0.728906 0.498611 0.016146 0.084259
1 0.721354 0.488889 0.012500 0.077778
1 0.479427 0.540278 0.015104 0.093519
1 0.855990 0.456019 0.016146 0.080556
0 0.531771 0.598611 0.020833 0.113889
0 0.591927 0.556481 0.019271 0.092593
0 0.635677 0.521759 0.025521 0.095370
0 0.650521 0.518519 0.017708 0.085185
0 0.693750 0.494444 0.026042 0.083333
0 0.713802 0.550926 0.017188 0.088889
0 0.765625 0.489352 0.016667 0.082407
0 0.773177 0.462037 0.011979 0.079630
0 0.843490 0.501852 0.018229 0.079630
0 0.725000 0.484259 0.013542 0.072222
