1 0.475521 0.541204 0.021875 0.110185
1 0.739062 0.711574 0.034375 0.121296
1 0.517188 0.507870 0.020833 0.100926
1 0.702344 0.455093 0.025521 0.095370
1 0.913281 0.575000 0.030729 0.100000
1 0.577344 0.475000 0.024479 0.101852
1 0.242708 0.707407 0.041667 0.142593
1 0.290885 0.529630 0.026562 0.109259
1 0.858594 0.410648 0.020313 0.086111
4 0.916406 0.334259 0.017188 0.059259
4 0.588542 0.377315 0.008333 0.013889
0 0.866146 0.540741 0.021875 0.101852
0 0.463281 0.599537 0.039062 0.112037
0 0.461458 0.551852 0.030208 0.075926
0 0.615885 0.489352 0.021354 0.104630
0 0.428646 0.812500 0.056250 0.171296
0 0.166667 0.596759 0.034375 0.115741
4 0.178125 0.628241 0.022917 0.117593
0 0.627604 0.453241 0.019792 0.097222
0 0.467448 0.474074 0.019271 0.077778
0 0.372396 0.506019 0.017708 0.097222
2 0.204167 0.441204 0.029167 0.093519
0 0.354167 0.508333 0.028125 0.098148
