1 0.691146 0.418519 0.017708 0.066667
3 0.881510 0.382870 0.018229 0.060185
1 0.782813 0.469444 0.020833 0.079630
1 0.938542 0.513889 0.020833 0.081481
4 0.361458 0.593056 0.011458 0.015741
0 0.651823 0.554630 0.032813 0.085185
1 0.651823 0.537037 0.032813 0.079630
0 0.822396 0.511574 0.021875 0.086111
0 0.853646 0.493981 0.022917 0.087963
0 0.623177 0.519444 0.030729 0.096296
1 0.951562 0.715741 0.037500 0.116667
4 0.412760 0.488426 0.028646 0.080556
0 0.498437 0.432407 0.016667 0.066667
1 0.454167 0.381019 0.017708 0.054630
1 0.625260 0.469907 0.025521 0.078704
0 0.545573 0.610185 0.035937 0.096296
0 0.339062 0.512963 0.033333 0.087037
1 0.348698 0.462037 0.027604 0.074074
1 0.136458 0.506481 0.025000 0.075926
0 0.102604 0.478704 0.025000 0.070370
1 0.085417 0.951389 0.042708 0.095370
0 0.025781 0.857407 0.051562 0.133333
