0 0.503125 0.532407 0.025000 0.127778
0 0.530208 0.506481 0.026042 0.114815
0 0.083073 0.519907 0.043229 0.123148
0 0.391146 0.566204 0.028125 0.123148
0 0.583073 0.523148 0.028646 0.127778
0 0.665104 0.470833 0.022917 0.115741
0 0.601562 0.513426 0.038542 0.121296
0 0.393229 0.546296 0.018750 0.116667
0 0.266667 0.276852 0.014583 0.077778
4 0.173177 0.454167 0.020313 0.112037
3 0.801302 0.453241 0.017188 0.110185
1 0.726302 0.506481 0.025521 0.103704
1 0.654167 0.449074 0.016667 0.109259
1 0.621875 0.509259 0.036458 0.116667
1 0.815104 0.508333 0.027083 0.100000
1 0.698958 0.464352 0.018750 0.113889
1 0.680469 0.431481 0.019271 0.098148
1 0.723437 0.485648 0.020833 0.112037
1 0.722396 0.419444 0.013542 0.050000
1 0.383854 0.481481 0.018750 0.077778
1 0.597135 0.520370 0.014063 0.092593
4 0.252344 0.317130 0.005729 0.010185
