1 0.026302 0.527778 0.015104 0.064815
0 0.060417 0.673611 0.025000 0.089815
0 0.111719 0.479630 0.011979 0.059259
1 0.119010 0.463889 0.010937 0.055556
0 0.127344 0.438889 0.011979 0.048148
0 0.105469 0.539352 0.016146 0.073148
0 0.153125 0.539815 0.013542 0.066667
1 0.180729 0.526389 0.011458 0.067593
4 0.224219 0.502778 0.013021 0.061111
1 0.177604 0.735648 0.022917 0.093519
0 0.241406 0.586111 0.016146 0.077778
0 0.271354 0.444907 0.012500 0.050926
1 0.298177 0.520833 0.020313 0.065741
1 0.413281 0.663889 0.029687 0.083333
1 0.333854 0.485185 0.014583 0.057407
1 0.338802 0.419907 0.011979 0.047222
0 0.344531 0.409722 0.008854 0.045370
1 0.407552 0.446759 0.014063 0.054630
0 0.455469 0.454630 0.013021 0.059259
0 0.484375 0.583333 0.018750 0.072222
1 0.530469 0.542130 0.014063 0.069444
3 0.960938 0.410648 0.012500 0.043519
4 0.896354 0.432407 0.004167 0.007407
4 0.137240 0.346759 0.007812 0.030556
4 0.815885 0.794444 0.030729 0.107407
