4 0.232552 0.191667 0.006771 0.029630
0 0.162240 0.332870 0.016146 0.063889
0 0.372656 0.410185 0.023438 0.085185
0 0.225260 0.531944 0.027604 0.110185
0 0.132812 0.710648 0.033333 0.136111
0 0.027344 0.412037 0.024479 0.081481
0 0.440885 0.698148 0.032813 0.127778
0 0.991667 0.476852 0.015625 0.092593
0 0.335677 0.331481 0.014063 0.046296
0 0.726823 0.497222 0.027604 0.094444
1 0.258594 0.512037 0.022396 0.094444
1 0.071094 0.419907 0.019271 0.080556
1 0.290365 0.344444 0.022396 0.068519
1 0.289323 0.220833 0.008854 0.039815
1 0.576042 0.274537 0.011458 0.052778
1 0.666667 0.431481 0.019792 0.085185
1 0.859375 0.307407 0.014583 0.057407
1 0.776823 0.779630 0.031771 0.150000
1 0.206510 0.721296 0.033854 0.140741
4 0.340104 0.418981 0.023958 0.080556
4 0.783854 0.703241 0.011458 0.021296
