0 0.518229 0.468519 0.017708 0.074074
0 0.088281 0.318981 0.019271 0.050926
4 0.529167 0.497685 0.006250 0.012037
1 0.166406 0.771296 0.042188 0.155556
1 0.213281 0.409722 0.031771 0.071296
1 0.396615 0.742130 0.027604 0.137963
4 0.237500 0.440741 0.030208 0.070370
0 0.275260 0.406019 0.019271 0.067593
1 0.501302 0.461111 0.020313 0.066667
1 0.332813 0.365741 0.029167 0.053704
0 0.382812 0.380556 0.020833 0.059259
1 0.454688 0.407407 0.026042 0.059259
1 0.487500 0.490741 0.019792 0.090741
1 0.591146 0.506944 0.023958 0.084259
1 0.820833 0.576852 0.022917 0.101852
0 0.553906 0.566667 0.022396 0.101852
3 0.682031 0.366204 0.021354 0.052778
0 0.837760 0.705556 0.026562 0.116667
