0 0.903385 0.705556 0.038021 0.135185
4 0.941927 0.359259 0.015104 0.055556
1 0.809375 0.697222 0.033333 0.135185
0 0.588281 0.695370 0.029687 0.137037
0 0.993750 0.656944 0.011458 0.056481
1 0.480990 0.820370 0.035937 0.155556
4 0.789323 0.612963 0.030729 0.112963
0 0.948958 0.535185 0.040625 0.096296
0 0.648698 0.635185 0.026562 0.124074
0 0.697656 0.542130 0.019271 0.099074
1 0.747135 0.611574 0.026562 0.112037
1 0.752083 0.605556 0.040625 0.038889
0 0.671615 0.499074 0.019271 0.087037
1 0.515365 0.495833 0.016146 0.087963
0 0.444271 0.576389 0.020833 0.102778
0 0.705990 0.595833 0.028646 0.119444
2 0.341927 0.466204 0.017188 0.093519
