0 0.673177 0.576389 0.031771 0.097222
0 0.476823 0.486574 0.019271 0.084259
0 0.328385 0.489352 0.018229 0.087963
0 0.553125 0.406944 0.023958 0.060185
0 0.350260 0.387037 0.015104 0.064815
4 0.734896 0.394444 0.005208 0.009259
1 0.345313 0.592130 0.030208 0.099074
1 0.313021 0.520370 0.022917 0.096296
1 0.910677 0.521759 0.017188 0.091667
1 0.137500 0.436111 0.017708 0.074074
1 0.320312 0.430556 0.019792 0.070370
1 0.672135 0.406944 0.013021 0.071296
1 0.486198 0.455093 0.018229 0.080556
4 0.275000 0.454167 0.016667 0.080556
1 0.660156 0.375926 0.016146 0.053704
3 0.736719 0.399074 0.016146 0.066667
