0 0.769531 0.669907 0.034896 0.112037
4 0.550000 0.009722 0.012500 0.019444
1 0.467448 0.434722 0.026562 0.075000
4 0.250781 0.527315 0.033854 0.082407
0 0.573177 0.484259 0.026562 0.075926
1 0.646615 0.516667 0.034896 0.085185
1 0.682813 0.425000 0.019792 0.066667
0 0.939844 0.491667 0.022396 0.074074
1 0.764062 0.466204 0.028125 0.073148
1 0.734115 0.603704 0.029687 0.100000
1 0.956771 0.554167 0.028125 0.091667
1 0.909375 0.727315 0.036458 0.126852
0 0.747135 0.570833 0.031771 0.095370
0 0.589063 0.412500 0.021875 0.052778
0 0.105990 0.485648 0.041146 0.073148
