4 0.191667 0.450463 0.005208 0.008333
1 0.599219 0.674074 0.029687 0.109259
0 0.596094 0.698148 0.030729 0.111111
1 0.741146 0.562500 0.038542 0.110185
0 0.676823 0.556019 0.027604 0.086111
0 0.834635 0.372685 0.011979 0.052778
1 0.974740 0.510648 0.031771 0.097222
1 0.564583 0.431944 0.019792 0.060185
0 0.803906 0.475926 0.021354 0.074074
4 0.128646 0.492130 0.020833 0.076852
1 0.428906 0.409259 0.019271 0.068519
0 0.439323 0.479630 0.021354 0.077778
0 0.487240 0.417593 0.019271 0.062963
4 0.662760 0.325463 0.010937 0.039815
1 0.394792 0.455093 0.023958 0.078704
1 0.263021 0.523148 0.019792 0.085185
0 0.484115 0.421296 0.016146 0.070370
0 0.211458 0.529167 0.017708 0.086111
0 0.144792 0.492593 0.017708 0.081481
2 0.163281 0.420833 0.016146 0.067593
