0 0.770312 0.507870 0.015625 0.080556
0 0.544271 0.398148 0.010417 0.053704
0 0.233854 0.550463 0.018750 0.086111
0 0.259635 0.483796 0.014063 0.069444
0 0.323958 0.670833 0.026042 0.099074
0 0.601302 0.452778 0.011979 0.064815
4 0.297917 0.345370 0.010417 0.042593
1 0.288802 0.374537 0.013021 0.054630
1 0.377865 0.683796 0.024479 0.119444
1 0.569792 0.515741 0.020833 0.079630
1 0.609635 0.467130 0.028646 0.071296
1 0.636198 0.366204 0.010937 0.045370
1 0.919271 0.433333 0.014583 0.066667
0 0.064844 0.542593 0.021354 0.088889
0 0.169792 0.459722 0.018750 0.069444
0 0.246615 0.402315 0.010937 0.052778
4 0.207813 0.580093 0.021875 0.087963
1 0.038281 0.506944 0.017188 0.073148
4 0.855469 0.459722 0.005729 0.008333
1 0.322917 0.453704 0.012500 0.053704
1 0.865365 0.515741 0.013021 0.077778
