0 0.844531 0.719444 0.045312 0.118519
0 0.103385 0.563889 0.034896 0.101852
0 0.085677 0.540278 0.025521 0.100926
0 0.279167 0.462963 0.018750 0.090741
0 0.349219 0.412037 0.021354 0.064815
0 0.489323 0.634259 0.045312 0.040741
0 0.484115 0.656019 0.038021 0.125000
0 0.508854 0.507407 0.047917 0.083333
0 0.768229 0.405556 0.020833 0.068519
4 0.536198 0.268519 0.009896 0.037037
4 0.462500 0.496759 0.007292 0.012037
1 0.156250 0.531481 0.027083 0.092593
1 0.470573 0.631481 0.041146 0.072222
1 0.610156 0.644444 0.028646 0.114815
1 0.913802 0.738426 0.058854 0.121296
1 0.333594 0.543519 0.036979 0.096296
1 0.329167 0.457407 0.018750 0.068519
1 0.867969 0.565278 0.023438 0.110185
4 0.547396 0.519907 0.022917 0.100926
1 0.886458 0.420370 0.018750 0.074074
