1 0.572135 0.460648 0.018229 0.099074
1 0.437760 0.400000 0.016146 0.088889
1 0.444792 0.615278 0.020833 0.112037
1 0.589844 0.587500 0.025521 0.112037
4 0.234115 0.518981 0.031771 0.106481
0 0.590625 0.359722 0.021875 0.086111
0 0.325521 0.601389 0.026042 0.115741
0 0.256250 0.396759 0.018750 0.084259
0 0.179688 0.361574 0.028125 0.080556
4 0.607812 0.586111 0.029167 0.120370
1 0.476562 0.531481 0.020833 0.109259
1 0.139063 0.611111 0.025000 0.116667
1 0.010156 0.512037 0.020313 0.118519
4 0.565885 0.587500 0.025521 0.110185
1 0.521094 0.468056 0.021354 0.099074
0 0.028646 0.499074 0.023958 0.112963
0 0.005469 0.528704 0.010937 0.109259
